local OrionLib =loadstring(game:HttpGet("https://pastebin.com/raw/FUEx0f3G"))()
local LBLG = Instance.new("ScreenGui", getParent)
local LBL = Instance.new("TextLabel", getParent)
local player = game.Players.LocalPlayer


local FpsLabel = LBL
local Heartbeat = game:GetService("RunService").Heartbeat
local LastIteration, Start
local FrameUpdateTable = { }


local Window = OrionLib:MakeWindow({Name = "SN脚本", HidePremium = false, SaveConfig = true,IntroText = "SN脚本", ConfigFolder = "SN脚本"})

game:GetService("StarterGui"):SetCore("SendNotification",{ Title = "SN脚本"; Text ="欢迎使用SN脚本"; Duration = 4; })



local about = Window:MakeTab({
    Name = "玩家信息",
    Icon = "rbxassetid://4483345998",
    PremiumOnly = false

})

about:AddParagraph("您的用户名:"," "..game.Players.LocalPlayer.Name.."")
about:AddParagraph("您的注入器:"," "..identifyexecutor().."")
about:AddParagraph("您当前服务器的ID"," "..game.GameId.."")
about:AddParagraph("当前版本:完整版")


OrionLib:MakeNotification({
	Name = "SN脚本",
	Content = "欢迎使用SN脚本",
	Image = "rbxassetid://4483345998",
	Time = 2

})

local Tab = Window:MakeTab({

    Name = "通用",

    Icon = "rbxassetid://4483345998",

    PremiumOnly = false

})

local Section = Tab:AddSection({

	Name = "各种功能"

})

Tab:AddSlider({

	Name = "速度",

	Min = 16,

	Max = 200,

	Default = 16,

	Color = Color3.fromRGB(255,255,255),

	Increment = 1,

	ValueName = "数值",

	Callback = function(Value)

		game.Players.LocalPlayer.Character.Humanoid.WalkSpeed = Value

	end    

})

Tab:AddSlider({

	Name = "跳跃高度",

	Min = 50,

	Max = 200,

	Default = 50,

	Color = Color3.fromRGB(255,255,255),

	Increment = 1,

	ValueName = "数值",

	Callback = function(Value)

		game.Players.LocalPlayer.Character.Humanoid.JumpPower = Value

	end    

})

Tab:AddTextbox({

	Name = "跳跃高度设置",

	Default = "",

	TextDisappear = true,

	Callback = function(Value)

		game.Players.LocalPlayer.Character.Humanoid.JumpPower = Value

	end

})

Tab:AddTextbox({

	Name = "移动速度设置",

	Default = "",

	TextDisappear = true,

	Callback = function(Value)

		game.Players.LocalPlayer.Character.Humanoid.WalkSpeed = Value

	end

})


Tab:AddToggle({

	Name = "夜视",

	Default = false,

	Callback = function(Value)

		if Value then

		    game.Lighting.Ambient = Color3.new(1, 1, 1)

		else

		    game.Lighting.Ambient = Color3.new(0, 0, 0)

		end

	end

})


Tab:AddButton({
	Name = "玩家进入提示",
	Callback = function()
      	loadstring(game:HttpGet("https://raw.githubusercontent.com/boyscp/scriscriptsc/main/bbn.lua"))()
  	end
})


Tab:AddButton({

	Name = "飞车",

	Callback = function()

     loadstring(game:HttpGet("https://raw.githubusercontent.com/xiaopi77/xiaopi77/main/c3dcf58fa8cf7277.txt_2024-08-08_160648.OTed.lua"))()

  	end    

})


Tab:AddButton({
	Name = "阿尔宙斯自瞄",
	Callback = function()
     loadstring(game:HttpGet("https://raw.githubusercontent.com/AZYsGithub/chillz-workshop/main/Arceus%20Aimbot.lua"))()    
  	end    
})

Tab:AddButton({
	Name = "IY指令",
	Callback=function()
	loadstring(game:HttpGet('https://raw.githubusercontent.com/EdgeIY/infiniteyield/master/source'))()
	end
})


Tab:AddButton({

	Name = "透视",

	Callback = function()

     loadstring(game:HttpGet('https://pastebin.com/raw/MA8jhPWT'))()

  	end    

})



Tab:AddTextbox({

	Name = "跳跃高度",

	Default = "",

	TextDisappear = true,

	Callback = function(Value)

		game.Players.LocalPlayer.Character.Humanoid.JumpPower = Value

	end	 

})



Tab:AddButton({
	
Name = "通用ESP",	

Callback = function()	

loadstring(game:HttpGet('https://raw.githubusercontent.com/Lucasfin000/SpaceHub/main/UESP'))()	

    end

})


Tab:AddButton({

    Name="紫砂",

    Callback=function()

        game.Players.LocalPlayer.Character.Humanoid.Health=0

    end
})



local Tab = Window:MakeTab({

    Name = "基础功能",

    Icon = "rbxassetid://4483345998",

    PremiumOnly = false

})

Tab:AddButton({
    Name = "删除所有门",
    Callback = function()
        local tycoons = workspace:FindFirstChild("Tycoon")
        if not tycoons then return end
        tycoons = tycoons:FindFirstChild("Tycoons")
        if not tycoons then return end

        for _, tycoon in ipairs(tycoons:GetChildren()) do
            local purchasedObjects = tycoon:FindFirstChild("PurchasedObjects")
            if purchasedObjects then
                for _, obj in ipairs(purchasedObjects:GetChildren()) do
                    local lowerName = obj.Name:lower()
                    if lowerName:match("door") or lowerName:match("gate") then
                        obj:Destroy()
                    end
                end
            end
        end
    end
})


Tab:AddButton({
    Name = "交互按钮无CD",
    Callback = function()
        if not connection then
            connection = game:GetService("ProximityPromptService").PromptButtonHoldBegan:Connect(function(prompt)
                prompt.HoldDuration = 0
            end)
        end
    end
})


Tab:AddButton({
    Name = "RPG无限子弹",
    Callback=function()

    loadstring(game:HttpGet('https://raw.githubusercontent.com/wynsbssb/SN/main/RPG'))()

end
})

Tab:AddButton({
    Name = "枪无限子弹(开一枪执行)",
    Callback=function()

	-- 连接到游戏数据存储位置
local ReplicatedStorage = game:GetService("ReplicatedStorage")
-- 定位到枪支配置总目录
local gunsFolder = ReplicatedStorage.Configurations.ACS_Guns

-- 遍历所有枪支类型
for _, gunType in ipairs(gunsFolder:GetChildren()) do
    -- 在每种枪支类型中找到设置模块
    local settingsModule = gunType:FindFirstChild("Settings")
    if settingsModule then
        -- 加载枪支配置表
        local gunConfig = require(settingsModule)
        
        -- 以下修改和之前类似，修改数值部分 --
        gunConfig.Bullets = 1
        gunConfig.Ammo = 1e2000
        gunConfig.FireRate = 1e1000
        gunConfig.Mode = "Auto"
        gunConfig.FireModes = {
                Auto = true,
                Semi = false,
                Burst = false
            }
        gunConfig.DamageMultiplier = 1e9999
        gunConfig.Distance = 1e9999
        gunConfig.VRecoil = {0, 0}
        gunConfig.HRecoil = {0, 0}
        gunConfig.RecoilPunch = 0
        gunConfig.VPunchBase = 0
        gunConfig.HPunchBase = 0
        gunConfig.DPunchBase = 0
        gunConfig.MinRecoilPower = 0
        gunConfig.MaxRecoilPower = 0
        gunConfig.BSpeed = 1e18
        gunConfig.BDrop = 0
        gunConfig.MinSpread = 0
        gunConfig.MaxSpread = 0

    end
end

end

})


local Tab = Window:MakeTab({

    Name = "基地传送",

    Icon = "rbxassetid://4483345998",

    PremiumOnly = false

})







Tab:AddButton({
    Name = "Alpha",
    Callback = function()
        local pl = game.Players.LocalPlayer.Character.HumanoidRootPart
        local location = CFrame.new(-1196.69946, 58.9945717, -4790.21436, 0.965929627, 0, 0.258804798, 0, 1, 0, -0.258804798, 0, 0.965929627)
        local Humanoid = game.Players.LocalPlayer.Character.Humanoid
        Humanoid:ChangeState(Enum.HumanoidStateType.Jumping)
        wait(0.2)
        pl.CFrame = location
    end
})

Tab:AddButton({
    Name = "Bravo",
    Callback = function()
        local pl = game.Players.LocalPlayer.Character.HumanoidRootPart
        local location = CFrame.new(-219.982513, 58.9945717, -4918.90283, 1, 0, 0, 0, 1, 0, 0, 0, 1)
        local Humanoid = game.Players.LocalPlayer.Character.Humanoid
        Humanoid:ChangeState(Enum.HumanoidStateType.Jumping)
        wait(0.2)
        pl.CFrame = location
    end
})
Tab:AddButton({
    Name = "Charlie",
    Callback = function()
        local pl = game.Players.LocalPlayer.Character.HumanoidRootPart
        local location = CFrame.new(797.080017, 58.9949989, -4739.56885, 0.965929627, -0, -0.258804798, 0, 1, -0, 0.258804798, 0, 0.965929627)
        local Humanoid = game.Players.LocalPlayer.Character.Humanoid
        Humanoid:ChangeState(Enum.HumanoidStateType.Jumping)
        wait(0.2)
        pl.CFrame = location
    end
})

Tab:AddButton({
    Name = "Delta",
    Callback = function()
        local pl = game.Players.LocalPlayer.Character.HumanoidRootPart
        local location = CFrame.new(2044.15405, 58.9949989, -3983.7439, 0.707134247, -0, -0.707079291, 0, 1, -0, 0.707079291, 0, 0.707134247)
        local Humanoid = game.Players.LocalPlayer.Character.Humanoid
        Humanoid:ChangeState(Enum.HumanoidStateType.Jumping)
        wait(0.2)
        pl.CFrame = location
    end
})

Tab:AddButton({
    Name = "Echo",
    Callback = function()
        local pl = game.Players.LocalPlayer.Character.HumanoidRootPart
        local location = CFrame.new(2741.61499, 58.9949989, -3030.81299, 0.422592998, -0, -0.906319618, 0, 1, -0, 0.906319618, 0, 0.422592998)
        local Humanoid = game.Players.LocalPlayer.Character.Humanoid
        Humanoid:ChangeState(Enum.HumanoidStateType.Jumping)
        wait(0.2)
        pl.CFrame = location
    end
})

Tab:AddButton({
    Name = "Foxtrot",
    Callback = function()
        local pl = game.Players.LocalPlayer.Character.HumanoidRootPart
        local location = CFrame.new(3045.17603, 58.9949989, -1788.42102, 0, 0, -1, 0, 1, 0, 1, 0, 0)
        local Humanoid = game.Players.LocalPlayer.Character.Humanoid
        Humanoid:ChangeState(Enum.HumanoidStateType.Jumping)
        wait(0.2)
        pl.CFrame = location
    end
})

Tab:AddButton({
    Name = "Golf",
    Callback = function()
        local pl = game.Players.LocalPlayer.Character.HumanoidRootPart
        local location = CFrame.new(3376.27588, 58.9949989, -562.419983, 0, 0, -1, 0, 1, 0, 1, 0, 0)
        local Humanoid = game.Players.LocalPlayer.Character.Humanoid
        Humanoid:ChangeState(Enum.HumanoidStateType.Jumping)
        wait(0.2)
        pl.CFrame = location
    end
})

Tab:AddButton({
    Name = "Hotel",
    Callback = function()
        local pl = game.Players.LocalPlayer.Character.HumanoidRootPart
        local location = CFrame.new(3289.84106, 58.9949989, 586.625977, -0.173624277, 0, -0.984811902, 0, 1, 0, 0.984811902, 0, -0.173624277)
        local Humanoid = game.Players.LocalPlayer.Character.Humanoid
        Humanoid:ChangeState(Enum.HumanoidStateType.Jumping)
        wait(0.2)
        pl.CFrame = location
    end
})

Tab:AddButton({
    Name = "Juliet",
    Callback = function()
        local pl = game.Players.LocalPlayer.Character.HumanoidRootPart
        local location = CFrame.new(2955.00488, 58.9949989, 1803.89294, -0.258864403, 0, -0.965913713, 0, 1, 0, 0.965913713, 0, -0.258864403)
        local Humanoid = game.Players.LocalPlayer.Character.Humanoid
        Humanoid:ChangeState(Enum.HumanoidStateType.Jumping)
        wait(0.2)
        pl.CFrame = location
    end
})

Tab:AddButton({
    Name = "Kilo",
    Callback = function()
        local pl = game.Players.LocalPlayer.Character.HumanoidRootPart
        local location = CFrame.new(2569.34302, 58.9949989, 2925.82495, -0.499959469, 0, -0.866048813, 0, 1, 0, 0.866048813, 0, -0.499959469)
        local Humanoid = game.Players.LocalPlayer.Character.Humanoid
        Humanoid:ChangeState(Enum.HumanoidStateType.Jumping)
        wait(0.2)
        pl.CFrame = location
    end
})

Tab:AddButton({
    Name = "Lima",
    Callback = function()
        local pl = game.Players.LocalPlayer.Character.HumanoidRootPart
        local location = CFrame.new(988.705994, 58.9949989, 3418.80396, -0.342042685, 0, -0.939684391, 0, 1, 0, 0.939684391, 0, -0.342042685)
        local Humanoid = game.Players.LocalPlayer.Character.Humanoid
        Humanoid:ChangeState(Enum.HumanoidStateType.Jumping)
        wait(0.2)
        pl.CFrame = location
    end
})

Tab:AddButton({
    Name = "Omega",
    Callback = function()
        local pl = game.Players.LocalPlayer.Character.HumanoidRootPart
        local location = CFrame.new(-319.369995, 58.9949989, 3932.35303, -1, 0, 0, 0, 1, 0, 0, 0, -1)
        local Humanoid = game.Players.LocalPlayer.Character.Humanoid
        Humanoid:ChangeState(Enum.HumanoidStateType.Jumping)
        wait(0.2)
        pl.CFrame = location
    end
})

Tab:AddButton({
    Name = "Romeo",
    Callback = function()
        local pl = game.Players.LocalPlayer.Character.HumanoidRootPart
        local location = CFrame.new(-1479.495, 58.9949989, 3721.99902, -0.906296611, 0, 0.422642082, 0, 1, 0, -0.422642082, 0, -0.906296611)
        local Humanoid = game.Players.LocalPlayer.Character.Humanoid
        Humanoid:ChangeState(Enum.HumanoidStateType.Jumping)
        wait(0.2)
        pl.CFrame = location
    end
})

Tab:AddButton({
    Name = "Sierra",
    Callback = function()
        local pl = game.Players.LocalPlayer.Character.HumanoidRootPart
        local location = CFrame.new(-2527.83594, 58.9949989, 2549.146, -0.707134247, 0, 0.707079291, 0, 1, 0, -0.707079291, 0, -0.707134247)
        local Humanoid = game.Players.LocalPlayer.Character.Humanoid
        Humanoid:ChangeState(Enum.HumanoidStateType.Jumping)
        wait(0.2)
        pl.CFrame = location
    end
})

Tab:AddButton({
    Name = "Tango",
    Callback = function()
        local pl = game.Players.LocalPlayer.Character.HumanoidRootPart
        local location = CFrame.new(-3018.21509, 58.9949989, 1502.59998, -0.573599219, 0, 0.81913656, 0, 1, 0, -0.81913656, 0, -0.573599219)
        local Humanoid = game.Players.LocalPlayer.Character.Humanoid
        Humanoid:ChangeState(Enum.HumanoidStateType.Jumping)
        wait(0.2)
        pl.CFrame = location
    end
})

Tab:AddButton({
    Name = "Victor",
    Callback = function()
        local pl = game.Players.LocalPlayer.Character.HumanoidRootPart
        local location = CFrame.new(-3586.59912, 58.9949989, 633.554993, -0.499959469, 0, 0.866048813, 0, 1, 0, -0.866048813, 0, -0.499959469)
        local Humanoid = game.Players.LocalPlayer.Character.Humanoid
        Humanoid:ChangeState(Enum.HumanoidStateType.Jumping)
        wait(0.2)
        pl.CFrame = location
    end
})

Tab:AddButton({
    Name = "Yankee",
    Callback = function()
        local pl = game.Players.LocalPlayer.Character.HumanoidRootPart
        local location = CFrame.new(-3957.39551, 59.1445694, -286.527435, -0.258864403, 0, 0.965913713, 0, 1, 0, -0.965913713, 0, -0.258864403)
        local Humanoid = game.Players.LocalPlayer.Character.Humanoid
        Humanoid:ChangeState(Enum.HumanoidStateType.Jumping)
        wait(0.2)
        pl.CFrame = location
    end
})

Tab:AddButton({
    Name = "Zulu",
    Callback = function()
        local pl = game.Players.LocalPlayer.Character.HumanoidRootPart
        local location = CFrame.new(-4049.12012, 59.1445694, -1334.10547, 0, 0, 1, 0, 1, -0, -1, 0, 0)
        local Humanoid = game.Players.LocalPlayer.Character.Humanoid
        Humanoid:ChangeState(Enum.HumanoidStateType.Jumping)
        wait(0.2)
        pl.CFrame = location
    end
})
